0.415769 0.012860 0.571372
0.305678 0.025964 0.668358
0.200348 0.052811 0.746841
0.299816 0.022926 0.677258
0.254115 0.037709 0.708176
0.265276 0.104978 0.629746
0.281641 0.105682 0.612677
0.245770 0.030404 0.723826
0.107415 0.050944 0.841641
0.369224 0.049720 0.581056
0.167908 0.122283 0.709808
0.263538 0.230633 0.505829
0.267777 0.049027 0.683196
0.000010 0.999980 0.000010
0.000010 0.999980 0.000010
0.000010 0.999980 0.000010
0.000010 0.999980 0.000010
0.000010 0.999980 0.000010
0.000019 0.999971 0.000010
0.000010 0.999980 0.000010
0.000010 0.999980 0.000010
0.000010 0.999980 0.000010
0.000010 0.999980 0.000010
0.000010 0.999980 0.000010
0.000010 0.999980 0.000010
0.000010 0.999980 0.000010
0.000010 0.999980 0.000010
0.000010 0.999980 0.000010
0.000010 0.999980 0.000010
0.273311 0.025364 0.701326
0.245266 0.075638 0.679096
0.236752 0.000010 0.763238
0.176525 0.024361 0.799115
0.264997 0.040533 0.694469
0.177137 0.067856 0.755007
0.204477 0.035116 0.760407
0.287013 0.009691 0.703296
0.287776 0.052774 0.659451
0.255383 0.000010 0.744607
0.195874 0.097158 0.706967
0.164138 0.059928 0.775933
0.168610 0.029442 0.801948
0.288445 0.032159 0.679396
0.176448 0.061138 0.762414
0.155384 0.058031 0.786585
0.197983 0.030681 0.771336
0.174348 0.030647 0.795005
0.176835 0.060833 0.762332
0.032926 0.000010 0.967064
0.068674 0.000010 0.931316
0.000010 0.012641 0.987349
0.000010 0.033324 0.966666
0.000010 0.000010 0.999980
0.000010 0.000010 0.999980
0.000010 0.000010 0.999980
0.065741 0.047900 0.886359
0.064299 0.031482 0.904219
0.000010 0.022185 0.977805
0.024690 0.031883 0.943427
0.016787 0.000010 0.983203
0.027923 0.000010 0.972067
0.000010 0.033052 0.966938
0.000010 0.000010 0.999980
0.000010 0.000010 0.999980
0.141612 0.000010 0.858378
0.039523 0.005506 0.954971
0.000010 0.016550 0.983440
0.000010 0.000010 0.999980
0.000010 0.060379 0.939611
0.076563 0.088818 0.834619
0.000010 0.000010 0.999980
0.000010 0.070163 0.929827
0.000010 0.099000 0.900990
0.185313 0.077836 0.736850
0.000010 0.023666 0.976324
0.119987 0.042760 0.837253
0.000010 0.262813 0.737177
0.059519 0.071120 0.869361
0.000010 0.244006 0.755984
0.000010 0.020644 0.979346
0.000010 0.093653 0.906337
0.044782 0.084391 0.870827
0.072518 0.112672 0.814810
0.000010 0.046291 0.953699
0.092728 0.079064 0.828209
0.118790 0.037090 0.844120
0.823133 0.068912 0.107955
0.616581 0.033676 0.349743
0.538569 0.000010 0.461421
0.622290 0.052424 0.325285
0.476980 0.021240 0.501781
0.666799 0.000010 0.333191
0.403931 0.000010 0.596059
0.510495 0.074540 0.414965
0.606939 0.070107 0.322955
0.412047 0.060370 0.527583
0.535954 0.020717 0.443329
0.523326 0.044401 0.432274
0.525347 0.022317 0.452336
0.606138 0.000328 0.393533
0.520918 0.097578 0.381504
0.626785 0.081546 0.291669
0.605292 0.060708 0.334001
0.645005 0.000010 0.354985
0.488575 0.081761 0.429664
0.228129 0.013740 0.758131
0.161389 0.011669 0.826941
0.223624 0.000010 0.776366
0.188835 0.016763 0.794402
0.176042 0.018122 0.805836
0.274643 0.055237 0.670120
0.341638 0.053307 0.605055
0.270521 0.039477 0.690002
0.086055 0.035534 0.878411
0.204998 0.000010 0.794992
0.271586 0.273712 0.454702
0.403587 0.020934 0.575479
0.413905 0.142868 0.443226
0.303175 0.045741 0.651084
0.349951 0.078867 0.571182
0.458822 0.082993 0.458185
0.461066 0.018689 0.520245
0.448275 0.052005 0.499720
0.311942 0.031521 0.656537
0.543159 0.037881 0.418960
0.183871 0.070488 0.745641
0.329420 0.061509 0.609071
0.322861 0.105830 0.571309
0.447339 0.078048 0.474613
0.455139 0.068087 0.476774
0.340242 0.055692 0.604066
0.408131 0.054411 0.537458
0.453876 0.069264 0.476860
0.919254 0.000010 0.080736
0.999980 0.000010 0.000010
0.818857 0.042323 0.138820
0.999980 0.000010 0.000010
0.999980 0.000010 0.000010
0.959776 0.000010 0.040214
0.890475 0.000010 0.109515
0.999980 0.000010 0.000010
0.976684 0.023306 0.000010
0.999980 0.000010 0.000010
0.999980 0.000010 0.000010
0.999980 0.000010 0.000010
0.999980 0.000010 0.000010
0.999980 0.000010 0.000010
0.999980 0.000010 0.000010
0.980352 0.000010 0.019638
0.999980 0.000010 0.000010
0.957832 0.042158 0.000010
0.999980 0.000010 0.000010
0.999978 0.000012 0.000010
0.766721 0.009880 0.223399
0.991210 0.008780 0.000010
0.915000 0.050680 0.034320
0.998970 0.001020 0.000010
0.931347 0.068643 0.000010
0.895176 0.000010 0.104814
0.999978 0.000012 0.000010
0.911824 0.052320 0.035857
0.979859 0.020131 0.000010
0.942901 0.012530 0.044569
0.731206 0.000010 0.268784
0.597326 0.053296 0.349378
0.740344 0.000010 0.259646
0.557238 0.016971 0.425791
0.825448 0.032200 0.142352
0.790476 0.009085 0.200440
0.542034 0.077792 0.380174
0.716385 0.035620 0.247996
0.639351 0.082238 0.278411
0.599665 0.000010 0.400325
0.848452 0.076312 0.075236
0.624707 0.000010 0.375283
0.584882 0.106947 0.308171
0.821929 0.000010 0.178061
0.970566 0.029424 0.000010
0.811717 0.043005 0.145278
0.884554 0.115436 0.000010
0.860038 0.079131 0.060830
0.557919 0.051847 0.390234
0.555601 0.022738 0.421662
0.619347 0.000010 0.380643
0.771425 0.022855 0.205720
0.708034 0.000010 0.291956
0.837620 0.078004 0.084376
0.602938 0.073835 0.323227
0.686146 0.005192 0.308663
0.760278 0.047096 0.192625
0.728528 0.008724 0.262748
0.549663 0.000010 0.450327
0.704908 0.050502 0.244590
0.823694 0.040494 0.135812
0.757542 0.045853 0.196605
0.622622 0.009533 0.367845
0.637322 0.054581 0.308096
0.647738 0.039056 0.313206
0.000010 0.062955 0.937035
0.078208 0.174060 0.747732
0.000010 0.060951 0.939039
0.000010 0.110911 0.889079
0.000010 0.038374 0.961616
0.000010 0.099112 0.900878
0.000010 0.080305 0.919685
0.000010 0.203629 0.796361
0.000010 0.097453 0.902537
0.000010 0.078407 0.921583
0.000010 0.142192 0.857798
0.000010 0.069169 0.930821
0.000010 0.103413 0.896577
0.000010 0.038390 0.961600
0.404493 0.013191 0.582316
0.486087 0.000010 0.513903
0.309158 0.000010 0.690832
0.388847 0.011191 0.599962
0.405949 0.000010 0.594041
0.399306 0.000010 0.600684
0.321942 0.000010 0.678048
0.294900 0.077177 0.627923
0.311480 0.000010 0.688510
0.500079 0.069459 0.430462
0.405673 0.000010 0.594317
0.453787 0.039164 0.507049
0.289991 0.025980 0.684029
0.475940 0.000010 0.524050
0.343806 0.000010 0.656184
0.306251 0.028504 0.665246
0.999980 0.000010 0.000010
0.999980 0.000010 0.000010
0.999980 0.000010 0.000010
0.999980 0.000010 0.000010
0.999980 0.000010 0.000010
0.999980 0.000010 0.000010
0.553928 0.038342 0.407729
0.614449 0.017534 0.368016
0.538668 0.000010 0.461322
0.413061 0.130991 0.455948
0.572554 0.066595 0.360850
0.580696 0.013040 0.406264
0.461811 0.065950 0.472240
0.643646 0.000010 0.356344
0.433422 0.038702 0.527876
0.536609 0.062414 0.400977
0.597017 0.029932 0.373052
0.579046 0.013190 0.407765
0.554001 0.000010 0.445989
0.585888 0.018020 0.396092
0.459090 0.027509 0.513401
